88814
145654
177627
323281
293677
399464
522223
646168
2035211
4698038
5782352
6432072
3198471
3226892
3313336
3759378
4161209
4653828
5022503
5785905
5896823
7013900
7218368
8070189
8451495
6906929
944186
637484
542749
640642
535645
442094
468936
496567
747612
857741
844715
972607
1011290
1086682
1147470
1167207
1239442
1308124
1368518
1018001
1213785
1031421
1186154
1164839
2306783
1906925
2029685
2623749
609853
647351
685246
707745
535645
591301
603932
632747
663141
698667
738139
757086
809979
854978
881030
916161
958396
1010105
1046421
1091814
1149049
1195233
1248916
1300624
1370097
1415884
1469568
1553250
1584038
1862321
2211654
2285073
1989818
1966529
1994949
2059684
2141392
2231391
2285863
2300468
2357309
2764272
2686116
2747298
2806902
2947030
3143209
3124657
3197287
3321626
3545436
3525305
3634250
3730168
3936610
3967793
4074369
4336073
4118974
4300943
4480149
4666854
4646329
4980268
4907243
5035924
5340258
5251839
5541174
5681302
5772879
6168395
6093002
6359048
6375232
6640094
6728907
6994163
7020215
7382970
7814801
7530597
8185054
8248605
9298578
8684384
8552151
8989113
8955166
9119373
9377919
9526336
9684621
9973956
10172504
10934721
10772883
10862881
11090244
11372472
11452602
11731280
12485603
12433498
12534943
13557285
14176611
13858068
16999302
14071615
14943566
14829885
15269216
15096720
15112114
15555392
15888147
16093405
16410371
16724178
17407056
19396083
18396636
18842282
19133985
19619894
19424109
20674999
21550502
26245778
22023385
22921389
24201093
22375876
24172278
23806366
23582951
23937415
24452533
26278540
26053151
27554296
26813394
26430115
26949180
26991811
27337197
26503928
27242462
27493509
28229279
28696636
32611931
41631832
31442355
31326305
32526275
43048901
38406914
35433043
33670982
33295203
34094525
34044789
34668457
35332782
36537883
36756561
36283284
36669327
37591014
38111264
38474018
39246103
39921086
40978559
40584621
41080794
41646042
42851932
43513495
43827697
45564495
45719622
49626628
51492896
49359793
48431790
47660493
49928988
50790282
50432265
51829598
50647786
51210272
52085381
52921807
53304692
53644551
54285983
56149487
56839470
58329169
59053492
59346380
59090597
60298066
62031311
63200492
64527958
62838132
63611402
64239808
64423356
65463066
65726349
68119971
71931059
70293337
73306286
71843430
71452650
72216446
74880457
74815722
74902956
79439551
79098112
76157793
76777514
78860487
80241636
80995564
81540681
81798833
84367715
85526632
85725180
92608821
90270459
88976150
90967546
89823628
90951757
139563542
105797826
98751953
97615140
96089126
101135708
97906843
104163262
101747140
100717692
103100658
105560200
106620042
112140690
111355579
112210952
109972456
110842829
111681623
111386368
122291484
130660480
125625346
120543239
117519237
132672008
123318563
120859414
129493668
124727342
129545772
136911769
131972947
125853103
129341699
137879244
134944845
134324334
139546175
137130447
134512225
135007607
137659775
155071567
168021764
141361129
141436127
145653387
148821070
148157534
148785544
152525975
152611236
149966961
152792021
154002253
156097068
155670764
157935706
160034073
163063206
160402353
164668560
164370146
178331632
169868690
171210366
171167736
173750828
175999981
177742700
185151721
181266426
183081774
182750203
226396721
184500028
190661713
190071596
195360145
204007029
195733556
199064656
204494911
203003634
207144712
212913644
214693862
216536446
247865121
214394264
212677202
214585706
219652419
220546870
224625582
239774800
229524141
223300090
268766692
222834312
223805340
225204646
228697978
254329561
250581236
241389233
240488072
243741015
245780568
243101952
253186432
249677311
255102040
247996959
253849178
251992779
255082699
257210671
259837972
300042473
267346465
270444281
270837823
277219371
272053187
272447519
275578886
280722966
281963987
281738597
293491982
295552850
293084229
300557986
291596898
298193572
297955157
334870005
308568176
304817877
308492389
316433896
327873473
325115517
330269859
317683996
324545137
325039729
323840944
327947286
326711792
326639952
334616195
376289868
334184759
342972956
344588967
341905614
346461945
350009355
355988676
355822101
362573902
363845712
361053020
365258044
364635955
394117308
373190079
374360049
376330130
389472558
380388316
383314820
380052009
386009225
394729924
400742402
389034017
401981844
432004762
406155685
418964569
417318558
427240805
421229511
411117400
423158935
419049830
421788049
426381090
429122467
452452004
447645415
432448435
441350313
451084275
442559756
445001535
455650079
457165041
